[16, 17, 18, 21, 23, 24, 27, 24]
[74, 76, 79, 81, 82, 85, 85]
[48, 51, 53, 54, 55, 59]
[29, 31, 32, 34, 36, 39, 41, 46]
[74, 77, 78, 78, 81, 83, 86, 87]
[12, 10, 13, 16, 19, 21, 22]
[78, 76, 80, 81, 84, 87]
[68, 68, 70, 72, 75, 77, 80, 81]
[68, 72, 73, 75, 77]
[48, 52, 50, 51, 54]
[85, 90, 92, 95, 96, 97]
[25, 22, 21, 19, 18, 16, 13, 15]
[41, 40, 39, 38, 38]
[25, 23, 22, 20, 18, 15, 12, 8]
[87, 85, 83, 81, 79, 74]
[70, 68, 68, 67, 65]
[37, 36, 35, 34, 30, 33]
[15, 14, 12, 6, 9]
[24, 25, 24, 23, 21, 19, 18, 17]
[73, 73, 70, 69, 67]
[34, 30, 29, 27, 24]
[59, 53, 50, 47, 45, 42, 39]
[95, 93, 90, 87, 84, 77]
[56, 61, 62, 65, 66, 68]
[88, 90, 88, 86, 84, 82, 80]
[76, 69, 67, 65, 63]
[14, 14, 15, 18, 20, 21, 22]
[33, 30, 28, 26, 23, 21, 19, 22]
[6, 6, 4, 3, 2, 1]
[49, 47, 44, 45, 44]
[27, 29, 30, 32, 35, 38, 44]
[8, 10, 10, 13, 15, 16, 17]
[72, 68, 66, 63, 61, 58, 55, 52]
[30, 34, 35, 36, 38]
[2, 3, 4, 7, 10, 11, 11]
[16, 19, 21, 23, 26, 29, 33]
[11, 9, 6, 5, 3, 3]
[66, 68, 64, 61, 58, 57, 54]
[20, 23, 24, 27, 24]
[39, 37, 36, 33, 32, 28]
[3, 8, 6, 8, 10, 12, 15]
[49, 51, 52, 54, 56, 59, 60, 62]
[6, 8, 11, 12, 13, 15, 16, 19]
[66, 68, 71, 72, 73]
[27, 26, 25, 24, 21, 19, 18]
[14, 12, 9, 8, 5]
[66, 67, 70, 71, 72, 73, 76]
[77, 75, 73, 70, 69]
[13, 12, 9, 8, 7, 6, 5, 2]
[47, 49, 51, 53, 56, 58, 59]
[72, 70, 67, 65, 64, 63, 60]
[31, 34, 35, 36, 37, 38, 41]
[69, 70, 72, 73, 76, 78]
[86, 84, 82, 81, 78, 75]
[30, 29, 28, 26, 23, 21]
[48, 45, 42, 40, 38, 36]
[39, 42, 45, 48, 51, 54]
[43, 40, 39, 36, 35, 32, 31, 30]
[73, 72, 71, 68, 65]
[88, 86, 85, 84, 81]
[76, 75, 72, 69, 66, 65]
[18, 21, 23, 25, 27, 29, 30]
[42, 40, 39, 36, 33]
[96, 93, 92, 90, 89, 87, 86]
[46, 49, 51, 53, 55, 58, 59]
[17, 18, 21, 22, 25, 27, 30, 32]
[23, 20, 17, 16, 13]
[18, 16, 14, 11, 10, 7, 6, 3]
[22, 24, 25, 26, 28, 29]
[30, 31, 32, 34, 37]
[98, 95, 92, 91, 89, 88, 86]
[28, 31, 32, 33, 34, 37, 39]
[71, 73, 76, 79, 80, 82, 85]
[44, 47, 48, 51, 52, 54, 57, 58]
[43, 40, 37, 35, 32, 30, 29]
[71, 73, 76, 79, 80, 82, 84]
[96, 95, 93, 92, 91, 89, 86, 83]
[91, 90, 89, 86, 84, 83, 80, 79]
[80, 81, 83, 85, 88]
[10, 13, 16, 18, 21]
[96, 95, 94, 92, 91, 88]
[39, 41, 44, 45, 46]
[11, 9, 8, 6, 4, 3, 1]
[65, 67, 69, 70, 73, 74]
[96, 94, 92, 89, 86, 85, 84]
[31, 30, 28, 25, 22, 20]
[32, 30, 27, 25, 23, 22, 20, 18]
[40, 37, 34, 31, 30, 29, 27, 26]
[75, 76, 77, 78, 79, 82, 83]
[21, 22, 24, 26, 29, 30, 33, 34]
[13, 15, 17, 18, 19, 21, 22]
[62, 60, 57, 56, 53, 51]
[63, 64, 66, 68, 70, 73]
[18, 16, 14, 13, 12, 10]
[55, 58, 60, 61, 63, 66]
[24, 25, 26, 29, 30, 32]
[35, 36, 37, 39, 41, 44, 45, 48]
[11, 12, 15, 16, 17, 19, 21, 23]
[81, 83, 86, 89, 92]
[56, 55, 54, 53, 52]
[40, 43, 45, 47, 49]
[34, 36, 37, 38, 41, 42, 45, 46]
[57, 54, 51, 49, 48]
[21, 24, 26, 27, 28]
[34, 35, 37, 40, 41]
[28, 30, 31, 32, 34, 35, 37, 39]
[52, 50, 47, 46, 43, 40, 38]
[76, 77, 80, 81, 83, 84, 85, 88]
[65, 64, 61, 59, 58, 55, 54]
[41, 38, 37, 35, 33]
[23, 22, 21, 18, 15, 14, 12]
[87, 88, 89, 90, 91, 93]
[63, 65, 67, 69, 70]
[11, 14, 17, 18, 19, 21]
[14, 16, 19, 20, 23, 24, 25]
[58, 61, 64, 67, 69, 71, 72]
[67, 66, 63, 62, 61, 58]
[86, 89, 90, 92, 94, 95]
[8, 11, 12, 13, 14, 16, 19]
[9, 6, 5, 3, 2, 1]
[39, 38, 35, 33, 30, 28, 25, 23]
[69, 68, 66, 65, 62, 61, 59]
[85, 86, 89, 91, 93]
[39, 41, 43, 46, 48, 50, 53, 55]
[48, 45, 42, 41, 39, 36, 34, 32]
[59, 61, 64, 65, 66, 67]
[40, 42, 43, 46, 48]
[66, 64, 61, 60, 57, 54, 53, 51]
[32, 29, 26, 23, 21]
[71, 72, 74, 77, 78]
[88, 89, 92, 95, 98, 99]
[81, 80, 78, 76, 73, 70]
[75, 74, 72, 71, 69, 68, 67]
[87, 86, 85, 84, 82, 80]
[84, 86, 89, 91, 93, 95]
[56, 55, 52, 51, 50, 49, 48, 47]
[53, 56, 59, 60, 62, 64, 66, 68]
[66, 63, 60, 59, 56, 54]
[11, 14, 15, 16, 17, 20]
[67, 69, 72, 73, 76, 78, 81, 83]
[12, 9, 8, 7, 5, 4, 1]
[36, 35, 33, 32, 31, 29, 26, 24]
[81, 79, 76, 73, 72, 70, 67, 64]
[21, 24, 26, 29, 31, 32]
[67, 65, 64, 61, 58, 57]
[19, 21, 23, 26, 28, 30, 32, 35]
[3, 4, 7, 9, 10, 13, 14]
[34, 37, 38, 39, 42, 43, 44, 47]
[96, 95, 93, 91, 90, 87]
[65, 68, 71, 73, 76, 77, 80]
[27, 25, 24, 23, 20, 19]
[71, 74, 76, 79, 81]
[63, 60, 57, 56, 55]
[13, 10, 9, 7, 6, 3, 2, 1]
[24, 21, 20, 17, 16, 13, 11, 10]
[33, 32, 31, 28, 25, 24, 23]
[79, 77, 75, 74, 72, 71]
[22, 21, 18, 16, 13]
[30, 28, 26, 24, 21, 19, 17]
[57, 58, 59, 62, 64, 67]
[53, 54, 55, 58, 59]
[21, 18, 16, 13, 10]
[28, 26, 23, 22, 21, 18]
[1, 4, 6, 7, 8, 11, 14]
[85, 84, 81, 79, 76, 75]
[41, 43, 45, 48, 51, 54, 56, 58]
[82, 85, 86, 88, 89]
[22, 24, 26, 28, 30, 31, 33, 35]
[52, 50, 49, 46, 45, 44, 42, 40]
[54, 52, 49, 47, 44, 43, 40]
[93, 90, 87, 84, 81]
[82, 79, 77, 76, 75, 74, 73, 72]
[71, 73, 75, 77, 80, 82, 84, 86]
[45, 46, 49, 52, 55, 58]
[53, 51, 49, 47, 44]
[28, 30, 33, 34, 35, 38, 41, 44]
[18, 21, 22, 23, 25, 26, 27]
[65, 66, 69, 70, 72, 75]
[74, 72, 70, 69, 68, 66, 64, 61]
[47, 48, 51, 52, 54]
[14, 17, 19, 22, 25]
[45, 46, 48, 51, 54, 55, 56, 57]
[32, 30, 29, 27, 25]
[61, 62, 63, 65, 68, 69]
[79, 82, 84, 87, 89, 91]
[32, 34, 37, 39, 41, 42, 44, 46]
[14, 17, 19, 21, 23, 25, 26]
[85, 88, 89, 90, 92, 93, 96]
[71, 69, 67, 64, 61, 60]
[84, 87, 88, 89, 90, 91, 94, 96]
[35, 38, 40, 41, 43, 45, 46]
[82, 84, 87, 90, 92, 94]
[56, 57, 60, 62, 63]
[55, 57, 58, 61, 63]
[63, 65, 68, 69, 72]
[81, 78, 77, 75, 73, 72, 70, 69]
[88, 86, 83, 80, 77]
[49, 51, 52, 53, 54]
[84, 81, 78, 77, 76, 75, 72, 69]
[59, 58, 56, 54, 53]
[54, 57, 59, 62, 63, 66]
[70, 68, 65, 64, 61, 60, 59, 58]
[61, 62, 63, 66, 69]
[41, 43, 45, 46, 47]
[79, 77, 74, 72, 71]
[66, 68, 69, 72, 73, 74]
[48, 50, 52, 53, 54, 55]
[34, 31, 28, 27, 25]
[56, 57, 59, 61, 62]
[65, 68, 70, 73, 75, 77]
[95, 94, 92, 91, 89, 87, 86, 84]
[33, 34, 35, 36, 38, 40, 41, 42]
[34, 37, 38, 41, 44]
[6, 7, 10, 12, 14, 16]
[55, 52, 51, 49, 48, 45, 44, 43]
[46, 49, 50, 52, 53, 56, 58, 61]
[95, 92, 90, 87, 85, 82, 79]
[19, 22, 24, 26, 29, 30, 31]
[48, 50, 51, 53, 56]
[31, 30, 28, 26, 23, 20, 17, 15]
[74, 75, 78, 79, 82, 83]
[82, 83, 85, 87, 90, 91]
[15, 12, 9, 7, 4, 3, 1]
[66, 65, 62, 60, 58, 57, 56]
[27, 30, 33, 34, 35, 37, 38]
[35, 32, 30, 28, 26, 25]
[95, 93, 90, 87, 84, 83]
[47, 46, 43, 41, 38, 36]
[22, 24, 27, 30, 33, 34]
[57, 54, 52, 50, 48, 47]
[78, 81, 84, 86, 88, 91]
[33, 30, 28, 27, 25, 24, 22, 19]
[21, 18, 15, 14, 12, 10, 8, 6]
[13, 12, 10, 9, 6, 5, 3, 2]
[56, 55, 54, 52, 51]
[19, 18, 15, 14, 12, 10, 8, 6]
[38, 41, 44, 46, 49, 50, 52, 54]
[48, 49, 50, 52, 53, 54, 56]
[77, 78, 80, 82, 85]
[65, 64, 61, 58, 55, 53]
[23, 26, 28, 30, 32]
[17, 15, 14, 12, 10]
[26, 28, 31, 33, 34, 35, 37]
[16, 13, 11, 10, 8, 5]
[76, 74, 73, 70, 67]
[44, 43, 41, 38, 37]
[82, 79, 76, 75, 74, 71, 69, 67]
[2, 4, 7, 8, 11, 14]
[80, 79, 78, 77, 74, 72, 69]
[27, 28, 29, 30, 31, 34, 37]
[9, 8, 5, 3, 2]
[81, 79, 78, 77, 74]
[52, 51, 50, 49, 47, 44, 42]
[20, 22, 25, 27, 30, 33, 36]
[62, 61, 60, 59, 57]
[82, 81, 78, 77, 75, 72, 71]
[13, 16, 17, 18, 20, 21, 24]
[16, 19, 21, 22, 23, 25, 28, 31]
[39, 37, 34, 32, 30, 28, 25, 24]
[40, 42, 45, 47, 48]
[77, 74, 73, 71, 68, 67]
[6, 9, 11, 13, 14, 15, 18, 20]
[80, 77, 76, 75, 73, 71]
[80, 82, 84, 85, 86, 87]
[19, 21, 23, 24, 27]
[92, 90, 87, 85, 83, 82]
[31, 30, 29, 28, 27, 26]
[89, 87, 84, 81, 79]
[75, 77, 78, 80, 82]
[92, 90, 88, 87, 86]
[23, 25, 27, 30, 31, 32, 35]
[35, 34, 31, 29, 27]
[35, 37, 38, 39, 40, 43, 45, 46]
[86, 87, 90, 92, 94]
[20, 17, 15, 13, 12, 10, 9, 6]
[63, 64, 67, 68, 71, 73]
[94, 91, 90, 89, 86, 85, 83]
[78, 80, 81, 82, 85, 88]
[39, 40, 41, 43, 46, 48, 49, 50]
[50, 49, 46, 45, 44, 43, 41]
[29, 26, 24, 23, 21, 18]
[18, 16, 14, 11, 8]
[33, 36, 37, 40, 43, 44]
[20, 22, 25, 27, 29, 32, 33, 34]
[34, 33, 30, 28, 26]
[14, 17, 18, 21, 24, 25, 26, 29]
[47, 46, 44, 43, 41, 39, 37, 35]
[49, 52, 53, 55, 56]
[48, 46, 45, 43, 42, 40, 37, 36]
[45, 43, 42, 39, 37]
[96, 93, 90, 88, 87]
[26, 23, 20, 17, 15, 12]
[14, 17, 19, 22, 23, 26, 27]
[57, 60, 62, 65, 66, 69, 70, 73]
[79, 77, 74, 73, 71, 68, 65]
[71, 69, 67, 66, 65, 62, 60]
[79, 78, 77, 74, 71, 70, 67, 66]
[51, 49, 47, 44, 42, 39, 36, 35]
[74, 71, 69, 66, 63]
[54, 51, 50, 47, 45, 44, 41]
[90, 93, 95, 96, 98, 99]
[4, 7, 9, 12, 13, 16]
[74, 72, 70, 67, 65, 64]
[47, 49, 52, 55, 56, 57, 60]
[82, 81, 78, 76, 75]
[81, 79, 77, 75, 74, 71, 69]
[86, 83, 82, 80, 79, 76]
[34, 31, 28, 27, 26]
[29, 31, 34, 35, 37]
[30, 28, 27, 24, 22, 19]
[14, 17, 19, 21, 23, 25]
[4, 5, 8, 11, 13, 16, 18, 20]
[53, 56, 59, 62, 65, 66, 67, 68]
[48, 45, 42, 39, 36, 34]
[72, 70, 69, 67, 65, 64, 62]
[45, 48, 49, 52, 53]
[44, 47, 50, 52, 53, 54, 56, 57]
[28, 25, 24, 23, 22, 20]
[84, 86, 89, 91, 92]
[81, 83, 85, 86, 88, 90]
[81, 78, 76, 75, 73, 70, 68, 67]
[26, 27, 30, 33, 35]
[94, 93, 92, 90, 89, 86]
[58, 59, 60, 63, 65, 68]
[58, 57, 54, 51, 49, 47, 44, 41]
[53, 56, 57, 60, 62]
[5, 7, 10, 11, 13, 16]
[67, 70, 72, 73, 76, 78]
[33, 35, 37, 39, 42, 44]
[86, 84, 82, 81, 80, 79]
[50, 48, 45, 44, 43, 42]
[35, 32, 29, 28, 26, 24, 21, 18]
[96, 94, 92, 89, 87, 84]
[90, 87, 86, 83, 80]
[67, 70, 72, 74, 76, 79, 80, 83]
[68, 70, 73, 74, 75, 76, 78]
[13, 14, 17, 20, 23, 26, 28]
[54, 55, 58, 60, 61]
[21, 19, 18, 17, 15, 14]
[98, 95, 93, 90, 87, 84]
[81, 84, 86, 89, 92]
[59, 62, 63, 66, 69, 71]
[98, 96, 94, 93, 90]
[59, 60, 62, 65, 67]
[44, 45, 47, 49, 50, 51, 54, 56]
[78, 75, 74, 73, 72]
[92, 90, 89, 87, 85]
[44, 47, 48, 49, 52, 54, 55, 58]
[54, 51, 48, 46, 43, 40, 38, 36]
[76, 79, 82, 85, 88]
[12, 10, 7, 5, 2]
[24, 23, 21, 20, 19, 17, 15, 14]
[57, 59, 61, 64, 67, 68]
[74, 73, 72, 70, 68, 65, 64]
[71, 74, 77, 80, 83, 86]
[46, 45, 42, 39, 37, 34, 31, 29]
[63, 60, 58, 56, 55, 54]
[57, 55, 53, 50, 48, 45, 43]
[83, 85, 86, 89, 90, 93]
[92, 91, 88, 86, 84, 81, 79, 77]
[4, 7, 9, 11, 13]
[14, 11, 10, 8, 5, 3, 2]
[13, 15, 17, 19, 20]
[36, 35, 32, 31, 29, 26, 25]
[91, 88, 86, 85, 82]
[12, 9, 8, 5, 4]
[22, 25, 26, 27, 30, 33, 36, 37]
[14, 12, 9, 8, 7, 4, 3, 2]
[25, 28, 29, 30, 33]
[85, 86, 87, 89, 91, 92, 94, 95]
[47, 49, 51, 54, 56]
[88, 85, 83, 80, 77]
[68, 71, 72, 73, 75]
[61, 64, 67, 70, 72]
[84, 81, 78, 77, 74, 72, 71, 68]
[81, 78, 75, 72, 71, 69]
[48, 45, 43, 41, 40, 39]
[50, 52, 55, 56, 57, 59, 60, 61]
[68, 70, 72, 73, 74, 75, 77, 80]
[15, 14, 11, 8, 7]
[27, 24, 22, 20, 18, 16, 14, 11]
[80, 81, 83, 85, 86, 87, 90, 93]
[11, 14, 17, 19, 20, 22, 24, 26]
[55, 53, 51, 48, 47, 46, 43, 42]
[60, 63, 65, 68, 69, 71, 74, 76]
[74, 76, 77, 80, 82]
[56, 54, 51, 48, 46, 43, 42, 39]
[63, 61, 60, 59, 57, 55, 52, 49]
[74, 77, 79, 82, 83]
[59, 61, 62, 63, 66]
[43, 42, 41, 38, 35, 33, 30, 27]
[93, 91, 89, 88, 87, 86, 85, 82]
[13, 14, 16, 19, 21, 24, 27]
[51, 50, 48, 46, 43, 40, 37]
[81, 83, 84, 87, 90, 93, 96, 98]
[60, 62, 63, 65, 68, 70, 73]
[29, 28, 26, 25, 24, 22]
[55, 56, 58, 61, 63, 64, 66, 68]
[96, 94, 93, 91, 89, 88, 87]
[78, 80, 83, 84, 86]
[97, 94, 91, 88, 85]
[19, 21, 22, 25, 28, 31]
[15, 12, 9, 6, 5, 2]
[70, 71, 72, 75, 77, 78, 80, 83]
[62, 64, 67, 69, 71, 72]
[64, 67, 68, 70, 72, 74, 76]
[12, 13, 16, 17, 18]
[51, 48, 45, 44, 41, 40, 37]
[83, 84, 86, 87, 88, 90, 92]
[81, 83, 84, 85, 87, 90]
[63, 62, 59, 56, 55, 54, 51, 49]
[69, 70, 71, 73, 75]
[28, 27, 26, 24, 23, 21, 20, 18]
[61, 62, 63, 65, 66, 69, 71, 74]
[54, 56, 58, 59, 60, 61]
[75, 76, 79, 82, 84]
[54, 51, 49, 47, 45, 43, 40, 37]
[83, 81, 80, 79, 76, 75, 73]
[23, 24, 27, 29, 30, 31, 32]
[6, 9, 12, 15, 17, 18, 19, 20]
[24, 23, 22, 21, 18, 17]
[76, 78, 80, 83, 84, 86, 87, 90]
[51, 53, 56, 58, 59, 62, 63]
[9, 11, 13, 16, 17, 20, 22, 25]
[59, 60, 63, 65, 66, 67]
[52, 54, 57, 58, 61, 62, 64, 65]
[7, 8, 9, 10, 12, 15]
[7, 10, 13, 16, 19, 20, 22, 25]
[20, 22, 25, 26, 28]
[27, 28, 31, 34, 35]
[50, 47, 45, 42, 40, 38, 36]
[22, 24, 26, 27, 29]
[21, 23, 25, 26, 27, 28, 30, 33]
[49, 52, 54, 55, 57, 58, 59]
[32, 34, 36, 37, 38, 41, 44, 45]
[64, 61, 60, 59, 56]
[94, 92, 91, 89, 86]
[73, 74, 75, 77, 78, 80]
[11, 12, 13, 15, 16, 17, 19]
[53, 56, 58, 61, 64, 65, 68]
[88, 86, 84, 81, 78, 76]
[67, 68, 70, 73, 76, 77]
[71, 73, 75, 77, 78, 79, 81, 82]
[27, 28, 30, 33, 34, 36, 39, 41]
[76, 74, 73, 72, 69, 66, 63, 60]
[5, 6, 7, 9, 11, 13, 16]
[68, 65, 63, 62, 59, 58, 57]
[16, 18, 20, 21, 24, 27]
[5, 7, 9, 10, 11, 12]
[8, 11, 12, 15, 17]
[37, 39, 40, 41, 44, 45]
[70, 69, 67, 65, 63, 60, 58]
[44, 45, 46, 48, 49, 52]
[85, 82, 79, 77, 75, 73, 71]
[43, 44, 46, 47, 49, 51]
[67, 64, 61, 60, 59]
[73, 70, 67, 65, 63, 61]
[35, 38, 40, 43, 45, 47, 50]
[30, 29, 28, 25, 23, 21, 20]
[6, 7, 9, 10, 11, 12, 15]
[64, 65, 68, 70, 72, 75, 78, 81]
[87, 84, 83, 81, 80]
[49, 47, 45, 44, 42, 41, 39]
[61, 58, 56, 53, 50, 47, 45]
[11, 13, 14, 16, 19, 21, 24]
[4, 6, 8, 11, 14, 16, 17, 20]
[89, 86, 84, 83, 82, 79, 78, 75]
[45, 48, 49, 50, 52, 53, 55]
[82, 79, 76, 75, 73, 72]
[28, 30, 33, 34, 37, 40]
[23, 25, 28, 31, 32, 33, 34, 35]
[46, 49, 52, 53, 54, 57]
[42, 45, 48, 49, 52, 54]
[76, 73, 70, 68, 66, 64, 61]
[82, 81, 78, 76, 73, 70]
[58, 60, 62, 63, 65, 66]
[67, 66, 65, 64, 63, 62, 60]
[86, 87, 90, 92, 94, 95, 97]
[34, 32, 29, 28, 27, 24]
[91, 88, 85, 84, 83, 82]
[88, 87, 84, 83, 82, 79]
[95, 94, 91, 89, 88, 85, 84, 81]
[86, 88, 89, 91, 92, 93]
[73, 72, 71, 69, 66, 64, 61]
[39, 38, 37, 36, 35, 34, 32, 31]
[91, 89, 88, 87, 86, 85, 83]
[16, 14, 12, 11, 10]
[36, 38, 39, 40, 43, 45]
[38, 41, 44, 47, 50, 52, 54]
[88, 86, 85, 82, 80, 78, 75]
[58, 61, 63, 66, 67, 69, 72]
[74, 73, 72, 70, 69, 66, 63, 62]
[37, 39, 41, 44, 47, 48]
[74, 73, 71, 70, 67, 65, 63, 61]
[39, 37, 36, 35, 33, 31]
[67, 69, 70, 73, 74, 76, 78]
[83, 81, 78, 76, 74]
[63, 64, 67, 70, 71, 74, 76]
[49, 50, 52, 55, 57, 60]
[49, 50, 51, 53, 54, 55, 58]
[49, 52, 53, 56, 59, 60, 63, 65]
[93, 91, 89, 87, 86, 83, 80, 77]
[75, 74, 71, 69, 68, 65]
[51, 53, 56, 57, 58, 59, 60]
[43, 44, 47, 48, 50, 53, 55]
[73, 71, 70, 69, 68, 66, 63, 60]
[56, 57, 59, 61, 63, 66]
[95, 94, 93, 91, 88, 87, 85]
[88, 87, 84, 82, 81]
[43, 46, 47, 49, 50, 51, 52]
[65, 67, 70, 71, 74, 77, 79]
[76, 73, 71, 68, 66, 64]
[11, 12, 15, 16, 19, 22, 24, 27]
[31, 28, 27, 25, 24, 21]
[24, 25, 26, 28, 31]
[65, 62, 59, 57, 55, 54]
[19, 16, 14, 13, 11]
[73, 70, 67, 66, 65, 62]
[96, 95, 94, 91, 90, 87, 86, 83]
[48, 49, 52, 55, 58, 59, 61]
[89, 87, 85, 84, 82]
[88, 87, 85, 82, 81, 80, 79, 77]
[58, 55, 54, 52, 51, 50, 47]
[44, 46, 49, 51, 53]
[39, 37, 35, 32, 31, 30, 28, 26]
[71, 70, 68, 66, 63, 61]
[95, 93, 92, 89, 86, 84, 81]
[83, 80, 78, 77, 76, 73]
[12, 14, 15, 16, 19, 21]
[72, 74, 75, 78, 79, 82]
[97, 94, 93, 90, 89]
[30, 32, 34, 35, 36, 37, 40]
[63, 61, 59, 57, 56, 55, 54, 53]
[32, 33, 34, 35, 36, 37, 40]
[20, 17, 14, 12, 9, 8, 5, 4]
[12, 14, 17, 18, 20]
[46, 48, 49, 52, 53, 54, 56, 57]
[73, 72, 69, 67, 65]
[91, 88, 85, 82, 79, 78, 75, 74]
[42, 41, 40, 38, 36, 35, 32]
[22, 19, 17, 14, 13, 10, 7, 6]
[90, 89, 87, 86, 85, 84]
[78, 77, 76, 73, 71, 68]
[88, 89, 92, 95, 97, 98]
[36, 37, 38, 40, 43, 44]
[33, 30, 28, 26, 23]
[59, 58, 57, 54, 51]
[70, 69, 66, 63, 61, 59, 56, 55]
[23, 26, 27, 28, 29, 32, 35, 38]
[17, 16, 14, 12, 9, 8, 7, 6]
[79, 80, 83, 85, 87, 89, 90]
[96, 94, 91, 89, 86, 83, 80]
[67, 65, 62, 59, 58, 56, 54]
[57, 56, 55, 54, 52]
[70, 72, 74, 75, 78]
[68, 65, 63, 61, 59]
[62, 59, 56, 53, 52, 49, 48]
[48, 49, 50, 52, 54]
[15, 14, 12, 11, 10, 7]
[57, 55, 52, 49, 46, 43, 41, 40]
[29, 28, 26, 23, 21, 20]
[32, 35, 36, 39, 40, 41]
[75, 72, 69, 68, 66, 65, 64]
[9, 8, 6, 4, 2]
[49, 50, 52, 54, 57, 59]
[32, 34, 37, 40, 42, 43, 46]
[42, 43, 46, 47, 50, 53, 55, 58]
[49, 50, 51, 52, 55, 56]
[44, 47, 50, 51, 52, 53, 54]
[9, 11, 13, 16, 18, 21, 24, 25]
[67, 70, 71, 74, 76, 78, 81, 84]
[29, 32, 33, 35, 38, 39, 42]
[73, 71, 69, 68, 66, 64, 62]
[43, 40, 38, 35, 34, 33, 31]
[82, 79, 78, 77, 74, 71]
[91, 90, 88, 87, 85, 84, 81]
[20, 21, 22, 23, 25, 27, 28]
[80, 81, 82, 85, 87, 90, 91, 92]
[25, 26, 28, 30, 33, 34, 36, 39]
[39, 40, 43, 46, 48, 50, 53]
[18, 16, 13, 10, 9, 6]
[49, 46, 45, 42, 39, 36, 34]
[2, 4, 7, 9, 12, 13, 15]
[84, 82, 81, 80, 79]
[10, 11, 14, 15, 17, 20]
[30, 31, 34, 36, 39, 42]
[24, 25, 26, 29, 32]
[52, 50, 47, 44, 43, 41, 39]
[36, 38, 39, 42, 45, 46, 48, 50]
[33, 32, 29, 28, 26, 25]
[30, 33, 34, 37, 38]
[68, 65, 64, 61, 58, 57]
[10, 7, 6, 4, 2]
[26, 28, 29, 32, 35, 37, 39]
[4, 5, 8, 11, 14, 16, 19, 20]
[26, 25, 24, 23, 22, 21, 20, 19]
[37, 38, 39, 40, 42, 45, 46, 47]
[1, 4, 7, 8, 9, 11]
[38, 36, 34, 33, 32]
[96, 95, 94, 91, 89, 86, 84, 83]
[19, 16, 13, 12, 9, 6, 4, 2]
[62, 64, 66, 69, 72]
[53, 51, 50, 48, 47, 46]
[69, 67, 65, 64, 63]
[46, 44, 41, 39, 38, 37]
[61, 63, 66, 68, 71, 73]
[10, 12, 13, 15, 16, 19, 20, 21]
[23, 25, 28, 29, 31]
[30, 27, 25, 23, 22, 19, 16, 14]
[1, 2, 4, 5, 6, 7, 9]
[96, 94, 92, 89, 86]
[84, 85, 87, 90, 93, 96, 98]
[40, 38, 36, 33, 30, 29, 26]
[30, 33, 35, 38, 41]
[73, 72, 69, 66, 65, 62]
[79, 77, 76, 75, 74, 71]
[59, 56, 53, 50, 47, 45]
[43, 46, 47, 48, 49]
[85, 84, 83, 80, 79, 78, 77, 74]
[71, 72, 74, 77, 79, 81, 84, 85]
[88, 87, 85, 84, 81, 79, 77]
[59, 57, 55, 52, 51, 49, 48]
[37, 40, 41, 43, 44, 45]
[6, 9, 10, 11, 12, 14, 16, 19]
[95, 93, 90, 87, 86, 85, 83, 80]
[32, 31, 28, 25, 23, 20, 19, 17]
